7260		static_assert		(7260 + 0)		181		77081
8249		conversion		(8249 + 0)		222		48863
8789		#disjoint_sets		(8789 + 0)		308		27526
10126		assert			(10126 + 0)		354		119563
12799		compatibility		(12799 + 0)		534		30650
15735		array			(15735 + 0		456		102366
20993		ratio			(20993 + 0)		834		208083
21551		throw_exception		(21551 + 0)		847		118349
25499		logic			(25499 + 0)		827		93700
25969		tokenizer		(25969 + 0)		882		114932
26652		io			(26652 + 0)		1080		100729
27923		timer			(18554 + 9369)		839		150680
39787		rational		(39787 + 0)		1046		174847
42259		align			(42259 + 0)		1819		105177
46549		property_map		(46549 + 0)		1431		208608
47259		foreach			(47259 + 0)		1185		115015
49762		any			(49762 + 0)		1409		130274
50703		tuple			(50703 + 0)		1624		139994
54745		scope_exit		(54745 + 0)		1414		353097
68161		integer			(68161 + 0)		1980		238273
68311		function		(68311 + 0)		2045		287013
68506		convert			(68506 + 0)		1662		1268194
68546		assign			(68546 + 0)		2489		359625
71282		type_index		(71282 + 0)		1872		188044
72593		property_map_parallel	(72593 + 0)		2103		78746
73169		coroutine2		(73169 + 0)		2626		300030
76336		exception		(65235 + 11101)		2658		1045721
78726		concept_check		(78726 + 0)		2517		285343
82091		functional		(82091 + 0)		2383		326050
82617		dynamic_bitset		(82617 + 0)		2673		296411
84879		detail			(84879 + 0)		2727		221453
95029		chrono/stopwatches	(95029 + 0)		3249		181511
95520		crc			(95520 + 0)		2343		246834
96675		endian			(96675 + 0)		2985		572674
98786		lexical_cast		(98786 + 0)		2699		352842
101702		uuid			(101702 + 0)		3683		342199
103981		#signals		(85043 + 18938)		3183		270202
104460		optional		(104460 + 0)		3458		474770
106895		flyweight		(106895 + 0)		3734		671255
115039		multi_array		(115039 + 0)		3757		510427
118759		lockfree		(118759 + 0)		3761		234123
124074		#tr1			(124074 + 0)		3866		398681
128723		format			(128723 + 0)		3591		316495
130873		numeric/conversion	(130873 + 0)		4478		646015
134188		pool			(134188 + 0)		4002		3046754
140954		system			(140174 + 780)		5271		674230
150529		numeric/interval	(150529 + 0)		4895		411708
159887		statechart		(159887 + 0)		5267		1890971
187491		iterator		(187491 + 0)		6307		2940504
222518		tti			(222518 + 0)		5915		550661
242715		predef			(242715 + 0)		8644		710926
251777		dll			(251777 + 0)		7101		448722
277854		core			(277854 + 0)		10990		1073804
508478		winapi			(508478 + 0)		12108		962305
571133		sort			(571133 + 0)		13748		4222762
697744		parameter		(697744 + 0)		19240		1884180
*** 6406578 - 4.344% ***					*** 190134 - 5.911 % ***
8901		lambda2			(8901 + 0)		295		68632
20512		typeof			(20512 + 0)		607		105148
25060		parameter_python	(25060 + 0)		959		63628
28821		compat			(28821 + 0)		945		353516
44688		container_hash		(44688 + 0)		1730		351401
52502		describe		(52502 + 0)		1479		255881
77332		bind			(80326 + 0)		2723		696818
82729		variant2		(82729 + 0)		2559		412912
109348		stacktrace		(94314 + 15034)		3439		228178
123731		stl_interfaces	    	(123731 + 0)		3413		436308
132183		nowide			(110241 + 21942)	3887		485728
145872		scope			(145872 + 0)		4272		403714
148494		yap			(148494 + 0)		3660		671122
154976		redis			(154976 + 0)		5503		517175
156568		mp11			(156568 + 0)		5206		961204
162427		leaf			(162427 + 0)		5917		1163831
189883		variant			(189883 + 0)		6341		535092
195904		static_string	    	(195904 + 0)		7320		699303
201414		poly_collection		(201414 + 0)		7083		1203437
205921		callable_traits		(205921 + 0)		6197		506097
206356		program_options		(105936 + 100420)	5985		561647
206482		signals2		(206482 + 0)		6105		570267
206630		local_function		(206630 + 0)		4751		1415835
223732		heap			(223732 + 0)		7253		367551
229607		coroutine		(222275 + 7332)		7403		541102
230145		safe_numerics		(230145 + 0)		7257		4285785
258670		ptr_container		(258670 + 0)		8263		1143316
260092		utility			(260092 + 0)		6515		830991
276292		cobalt			(264675 + 11617)	10231		582568
276863		circular_buffer		(276863 + 0)		5694		539690
297497		hof			(297497 + 0)		10255		766690
316534		fiber			(227734 + 88800)	10733		4723334
331679		property_tree		(331679 + 0)		8567		667028
354431		chrono			(352538 + 1893)		10610		1207025
356506		#sync			(324421 + 32085)	11735		487090
361235		smart_ptr		(349759 + 11476)	14728		1449110
419413		histogram		(419413 + 0)		12642		1413079
422834		lambda			(422834 + 0)		13493		810599
441847		pfr			(441847 + 0)		7360		628604
442506		contract		(441919 + 587)		11467		1843862
447432		bimap			(447432 + 0)		14732		3152823
451513		type_erasure		(449963 + 1550)		13954		869876
469065		config			(469065 + 0)		13701		2617402
473920		move			(473920 + 0)		13404		807538
513883		metaparse		(513883 + 0)		13395		6630057
529004		algorithm		(529004 + 0)		14542		4006224
536039		accumulators		(536039 + 0)		14969		959231
544799		mpi			(413166 + 131633)	16668		927595
545400		filesystem		(178954 + 366446)	15859		1515572
576318		context			(135321 + 440997)	16062		1694827
609806		multi_index		(609806 + 0)		21302		2322444
634192		icl			(634192 + 0)		17679		8439104
638846		range			(638846 + 0)		20270		1642497
668817		unordered		(668817 + 0)		21151		7382591
673716		iostreams		(610803 + 62913)	20241		2476345
681829		function_types		(681829 + 0)		12546		994572
690132		units			(690132 + 0)		22105		1131830
709589		outcome			(709589 + 0)		16854		4387418
711369		date_time		(700457 + 10912)	20247		1806056
719560		locale			(299401 + 420159)	18889		1502389
739956		vmd			(739956 + 0)		23267		1302105
802913		regex			(788171 + 14742)	23780		7040230
826536		serialization		(693579 + 132957)	27403		2207995
843027		python			(633754 + 209273)	27902		2140981
845476		charconv		(746411 + 99065)	20043		1511831
853619		xpressive		(853619 + 0)		26110		1299020
909354		process			(909354 + 0)		29329		1275496
929921		graph_parallel		(892725 + 37196)	25467		2714491
942016		random			(935777 + 6239)		23155		1483404
993808		type_traits		(993808 + 0)		19448		5798057
1033571		msm			(1033571 + 0)		25014		5472870
1059481		numeric/odeint		(1059481 + 0)		29150		2412203
1099512		test			(1088347 + 11165)	30832		3185007
1149533		url			(800645 + 349199)	49243		7754849
1225509		json			(1225196 + 313)		45082		19657922
1254236		atomic			(1169915 + 84321)	33503		1638695
1283365		thread			(1194318 + 89047)	40691		3448313
1309718		wave			(1270065 + 39653)	41340		3376191
1369433		polygon			(1369433 + 0)		34142		7430632
1405019		compute			(1405019 + 0)		43429		2591415
1501356		mysql			(1501356 + 0)		39251		4135059
1528501		gil			(1528501 + 0)		45414		10670554
1549273		interprocess		(1549273 + 0)		43978		2640539
1586432		intrusive		(1586432 + 0)		40778		2347150
1595201		proto			(1595201 + 0)		37828		2946617
1912938		beast			(1912938 + 0)		66918		9365968
2168832		log			(1449162 + 719670)	66246		3454901
2195061		qvm			(2195061 + 0)		50585		2850627
2270421		container		(1969654 + 300767)	61160		5890104
2410269		multiprecision		(2410269 + 0)		53489		13935975
2429456		graph			(2375603 + 53853)	68851		17195479
2627416		numeric/ublas		(2627416 + 0)		72647		4217682
2802434		hana			(2802434 + 0)		44094		5061307
4202473		mpl			(4202473 + 0)		158918		8990549
5229195		asio			(5229195 + 0)		168658		15188548
5544346		spirit			(5544346 + 0)		151649		13460487
7891768		math			(7799666 + 92102)	163071		95869464
10334300	preprocessor		(10334300 + 0)		145894		11873598
11395846	geometry		(11395846 + 0)		251047		28495383
14401897	fusion			(14401897 + 0)		116051		15660042
17415572	phoenix			(17415572 + 0)		165013		19372243
*** 150466900 ***					    *** 3407999 ***
